$ANSIBLE_VAULT;1.1;AES256
38616231653763373765613765343535653838613939373638383861323539336337653165633966
3038373937663234346563626232656335626364366139390a366334326563363834656535383266
34626366333731333130363430333766373136313165616561316231643734633135623536623638
6431386263656134360a636665356266666434393263666639633935396636303035363036666566
36343837663133666137333162633031373966356237666434373936373733313734343534363836
63323531646339386364343237376461623739653465366131353739383332306264303866353338
35333336653663356363323064346136333964356536613166653864653834336661623764663161
62656237306237383834376635613933366633663664666262313735356639653263646366373266
33393431383431363363393531663635396535663839316231633864636634383330343935666530
38346436646331326136306262396433376361393565643163346639313762333938623134336431
65366634666565393638613234353764353635313736376663363264393431633961306164383832
64616539326163626566633137626630663838346565353235666336646164313865653661366238
62653034633430393066383031336262383966303532613038666463616337613930303033663466
36383462343662363838643563376161333039346335373733653966633466396431376162323437
39623763343962656331643262633131663232306239336239323635636666616131333965373437
61643637376539336632613634396238643936306436326463666665616232663032383666653737
38633330366465653132613463316434373233663864623565346466646666633630386239326266
3033616631646636336265616466336339303938353536306333
